[{"id": 0, "img_name": "FPWW036_SR0461_1_FIP2_cam_01", "width": 3912, "height": 2960, "position": [0.6997038932542784, 0.8439871190646608, 3.2421587404068646], "rotation": [[-0.757984497961261, 0.6306079382531536, -0.16671271415978384], [0.6521726128763965, 0.7371707237227585, -0.1767772810630328], [0.011418575409795845, -0.2427199050308217, -0.970029207723891]], "fy": 10129.366668731178, "fx": 10129.366668731178}, {"id": 1, "img_name": "FPWW036_SR0461_1_FIP2_cam_02", "width": 3912, "height": 2960, "position": [0.18074517226827838, 1.281145516242982, 3.173654434122592], "rotation": [[-0.7805509683729799, 0.6250790455165564, -0.004046310432277586], [0.5954983646454464, 0.7416135734547206, -0.3088543432952152], [-0.19005757937162743, -0.2434861279905501, -0.9511007422978741]], "fy": 10129.366668731178, "fx": 10129.366668731178}, {"id": 2, "img_name": "FPWW036_SR0461_1_FIP2_cam_03", "width": 3912, "height": 2960, "position": [0.4849435475403355, 0.5911278333733021, 3.29855246529071], "rotation": [[-0.7567139518824811, 0.6446750294518652, -0.10852696175437121], [0.6535904075164368, 0.7496594826174651, -0.10406843577287261], [0.014267944101941132, -0.14968221845947888, -0.9886312048727538]], "fy": 10129.366668731178, "fx": 10129.366668731178}, {"id": 3, "img_name": "FPWW036_SR0461_1_FIP2_cam_04", "width": 3912, "height": 2960, "position": [-0.034335698323577614, 1.02917731660974, 3.229447617031193], "rotation": [[-0.7596012954890823, 0.6454199765949519, 0.08024291684304216], [0.6105332154733212, 0.7501307531924913, -0.25407291457113845], [-0.22417641422574902, -0.1440031490177829, -0.963850625552449]], "fy": 10129.366668731178, "fx": 10129.366668731178}, {"id": 4, "img_name": "FPWW036_SR0461_1_FIP2_cam_05", "width": 3912, "height": 2960, "position": [0.2468102196615437, 0.309764132900459, 3.331869854891818], "rotation": [[-0.7688315428420575, 0.63874138633068, -0.03012474264558106], [0.6393593310576973, 0.7686666530230831, -0.01926713055297343], [0.010849171422540074, -0.0340737130153459, -0.9993604342582273]], "fy": 10129.366668731178, "fx": 10129.366668731178}, {"id": 5, "img_name": "FPWW036_SR0461_1_FIP2_cam_06", "width": 3912, "height": 2960, "position": [-0.2760843997943643, 0.7458315431725426, 3.272212980842782], "rotation": [[-0.7603755017900993, 0.6366215787455277, 0.12861594672903554], [0.6177067694080501, 0.7700352006372988, -0.1596375169154953], [-0.20066749439040746, -0.04193751608079485, -0.9787613608229783]], "fy": 10129.366668731178, "fx": 10129.366668731178}, {"id": 6, "img_name": "FPWW036_SR0461_1_FIP2_cam_07", "width": 3912, "height": 2960, "position": [0.015109011069407973, 0.031038793868381723, 3.3175158192466725], "rotation": [[-0.7739270990181096, 0.6312753938729421, 0.05028143291489556], [0.6332456782500818, 0.770688252003071, 0.07098964151229957], [0.006062704265185315, 0.08678130740552861, -0.9962089380757334]], "fy": 10129.366668731178, "fx": 10129.366668731178}, {"id": 7, "img_name": "FPWW036_SR0461_1_FIP2_cam_08", "width": 3912, "height": 2960, "position": [-0.5063955451298826, 0.4673907846069389, 3.260832066558255], "rotation": [[-0.7253065814822773, 0.6579382613877396, 0.2026020904644645], [0.6587300939250926, 0.7487883693684014, -0.07342098648240368], [-0.20001256514512114, 0.08020736936646809, -0.9765048651611418]], "fy": 10129.366668731178, "fx": 10129.366668731178}, {"id": 8, "img_name": "FPWW036_SR0461_1_FIP2_cam_09", "width": 3912, "height": 2960, "position": [-0.19725201748221446, -0.2308816264657867, 3.272518805706448], "rotation": [[-0.7741509836254369, 0.6204824391332393, 0.125266904164806], [0.6329785234134399, 0.7604813621606574, 0.14493545702695576], [-0.00533324001992388, 0.19149318665043186, -0.9814794526720123]], "fy": 10129.366668731178, "fx": 10129.366668731178}, {"id": 9, "img_name": "FPWW036_SR0461_1_FIP2_cam_10", "width": 3912, "height": 2960, "position": [-0.7159583458745061, 0.2082106336492048, 3.2066565723396097], "rotation": [[-0.7360800160191674, 0.614051985986476, 0.28482690975974645], [0.6426642779308567, 0.7660921887693647, 0.009240355954979745], [-0.21252961179288118, 0.18984972165538902, -0.9585344267675203]], "fy": 10129.366668731178, "fx": 10129.366668731178}, {"id": 10, "img_name": "FPWW036_SR0461_1_FIP2_cam_11", "width": 3912, "height": 2960, "position": [0.19361254722555518, 0.7269276749475493, 2.9722569355720823], "rotation": [[-0.7614202668501023, 0.6478738940540294, -0.022329232704830546], [0.6421744564655959, 0.7491184235631658, -0.16258399349675687], [-0.08860668537438113, -0.13813401058937436, -0.9864420157441892]], "fy": 10129.366668731178, "fx": 10129.366668731178}, {"id": 11, "img_name": "FPWW036_SR0461_1_FIP2_cam_12", "width": 3912, "height": 2960, "position": [-0.18684138387677787, 0.27678867479406494, 2.9908006650421948], "rotation": [[-0.7661061453726724, 0.6314655194214857, 0.11971913716686347], [0.6355584961760186, 0.7720359682531355, -0.005085436256736075], [-0.09563875762839409, 0.07219253081307576, -0.9927947756379963]], "fy": 10129.366668731178, "fx": 10129.366668731178}, {"id": 12, "img_name": "FPWW036_SR0461_6_FIP2_cam_01", "width": 3912, "height": 2960, "position": [0.41453990892113646, 0.4665972297619036, 3.2747479082041933], "rotation": [[-0.7564174377914291, 0.6320515419100133, -0.16835530337421506], [0.6539873320250555, 0.7353603847279913, -0.17761101914985614], [0.011542502146385006, -0.24445030771483042, -0.9695931196653189]], "fy": 10129.366668731178, "fx": 10129.366668731178}, {"id": 13, "img_name": "FPWW036_SR0461_6_FIP2_cam_02", "width": 3912, "height": 2960, "position": [-0.10465197392667118, 0.904147020535466, 3.2058722770398673], "rotation": [[-0.7793437095968628, 0.626569421378905, -0.0058431587951467395], [0.5971690098054256, 0.7398858842934413, -0.30977096692769596], [-0.18976974479565617, -0.24490740784267126, -0.9507932506828053]], "fy": 10129.366668731178, "fx": 10129.366668731178}, {"id": 14, "img_name": "FPWW036_SR0461_6_FIP2_cam_03", "width": 3912, "height": 2960, "position": [0.19898950273416097, 0.214445929119879, 3.3298704490480726], "rotation": [[-0.7550132575464117, 0.6463960144366637, -0.11012344641152257], [0.6555529462104518, 0.7477815495175233, -0.10522874567326451], [0.014328839588450725, -0.1516408478002168, -0.988331795316977]], "fy": 10129.366668731178, "fx": 10129.366668731178}, {"id": 15, "img_name": "FPWW036_SR0461_6_FIP2_cam_04", "width": 3912, "height": 2960, "position": [-0.3187346411127647, 0.6523492800790842, 3.259958201517365], "rotation": [[-0.7583392012496974, 0.6471690295600417, 0.07806345512648298], [0.6122951842084814, 0.7482713408186424, -0.25531276486805876], [-0.22364316051038208, -0.14581580054227508, -0.9637019710829392]], "fy": 10129.366668731178, "fx": 10129.366668731178}, {"id": 16, "img_name": "FPWW036_SR0461_6_FIP2_cam_05", "width": 3912, "height": 2960, "position": [-0.03974504300120475, -0.0671377028955337, 3.3639894819762635], "rotation": [[-0.7672406745263458, 0.6405789768270168, -0.03162786429100311], [0.6412615360618663, 0.767051383073511, -0.02039161819448231], [0.011197755129206595, -0.03592701173582321, -0.9992916791947186]], "fy": 10129.366668731178, "fx": 10129.366668731178}, {"id": 17, "img_name": "FPWW036_SR0461_6_FIP2_cam_06", "width": 3912, "height": 2960, "position": [-0.56228168749639, 0.37066250555178837, 3.304073963728761], "rotation": [[-0.7590266824949595, 0.6385633426420463, 0.1269462590804175], [0.6194148835732429, 0.7683237611886157, -0.16125693783811246], [-0.20050859649561661, -0.04376591626820287, -0.9787138740738087]], "fy": 10129.366668731178, "fx": 10129.366668731178}, {"id": 18, "img_name": "FPWW036_SR0461_6_FIP2_cam_07", "width": 3912, "height": 2960, "position": [-0.2714559388421255, -0.3455270205742966, 3.3496440729436885], "rotation": [[-0.7725284181675776, 0.63310422492056, 0.04877379943409888], [0.634946644299531, 0.7694158375128255, 0.06958468134009135], [0.006527022005892897, 0.08472490408477516, -0.9963830029720299]], "fy": 10129.366668731178, "fx": 10129.366668731178}, {"id": 19, "img_name": "FPWW036_SR0461_6_FIP2_cam_08", "width": 3912, "height": 2960, "position": [-0.7929975318641752, 0.09124698829957202, 3.2936268000704487], "rotation": [[-0.7240629716922339, 0.6597902512142286, 0.20102148498823694], [0.6602262228944596, 0.7473323675505441, -0.07480419115138828], [-0.19958493837643693, 0.07855671081431093, -0.9767265203521966]], "fy": 10129.366668731178, "fx": 10129.366668731178}, {"id": 20, "img_name": "FPWW036_SR0461_6_FIP2_cam_09", "width": 3912, "height": 2960, "position": [-0.4844520462082011, -0.6065118157378019, 3.306367352273121], "rotation": [[-0.772679114495428, 0.6225854737644325, 0.12391252511380148], [0.6347774195118886, 0.7593178271323087, 0.14315748348199375], [-0.004961219647328369, 0.18927167050720178, -0.9819122267509578]], "fy": 10129.366668731178, "fx": 10129.366668731178}, {"id": 21, "img_name": "FPWW036_SR0461_6_FIP2_cam_10", "width": 3912, "height": 2960, "position": [-1.0022713677911406, -0.16690125623616037, 3.239659428569414], "rotation": [[-0.7350808166694097, 0.6159952413234163, 0.2832067365574825], [0.6439705294173239, 0.7650134761474646, 0.007505901327895485], [-0.21203337050239215, 0.1878942361534241, -0.9590295124831748]], "fy": 10129.366668731178, "fx": 10129.366668731178}, {"id": 22, "img_name": "FPWW036_SR0461_6_FIP2_cam_11", "width": 3912, "height": 2960, "position": [-0.09180598823967566, 0.3503333640015876, 3.0021992428383575], "rotation": [[-0.7599697146200401, 0.6495022633559012, -0.024348362488997202], [0.6439341626482842, 0.7473085839472415, -0.1639471699457525], [-0.08828831765747422, -0.14027362636764615, -0.9861685873677392]], "fy": 10129.366668731178, "fx": 10129.366668731178}, {"id": 23, "img_name": "FPWW036_SR0461_6_FIP2_cam_12", "width": 3912, "height": 2960, "position": [-0.47323159817293203, -0.09924508905435604, 3.022237003752527], "rotation": [[-0.7648058149412071, 0.6333614775073368, 0.11800552631906218], [0.6371958855093537, 0.7706732793909921, -0.006640777265116012], [-0.09514971845500264, 0.07011373076978208, -0.99299073300584]], "fy": 10129.366668731178, "fx": 10129.366668731178}, {"id": 24, "img_name": "FPWW036_SR0461_FIP2_cam_01", "width": 3912, "height": 2960, "position": [0.5511183835025103, 0.6552830763892341, 3.25586535635159], "rotation": [[-0.7581773774638707, 0.6303402901654342, -0.1668477836117819], [0.6519374476082791, 0.7375307899225207, -0.17614169955540104], [0.0120261676360351, -0.24232097001790656, -0.9701215999974288]], "fy": 10129.366668731178, "fx": 10129.366668731178}, {"id": 25, "img_name": "FPWW036_SR0461_FIP2_cam_02", "width": 3912, "height": 2960, "position": [0.03117412018594271, 1.0918452785619643, 3.1878826366817754], "rotation": [[-0.7807290385721932, 0.6248571744945355, -0.003959774342591048], [0.5954401975534345, 0.7420222183303815, -0.30798376360059426], [-0.18950762377188313, -0.24280967646855703, -0.9513833725399918]], "fy": 10129.366668731178, "fx": 10129.366668731178}, {"id": 26, "img_name": "FPWW036_SR0461_FIP2_cam_03", "width": 3912, "height": 2960, "position": [0.3353720974371582, 0.40251913463885747, 3.311095103403276], "rotation": [[-0.7567562213429632, 0.6446358257360811, -0.10846508026217778], [0.6535345111043994, 0.7497821101732919, -0.10353468046804087], [0.01458301252325431, -0.14923618676998748, -0.988694035738104]], "fy": 10129.366668731178, "fx": 10129.366668731178}, {"id": 27, "img_name": "FPWW036_SR0461_FIP2_cam_04", "width": 3912, "height": 2960, "position": [-0.18324845455024938, 0.8392636567749521, 3.2414621434134743], "rotation": [[-0.7596691352824058, 0.6453593264052241, 0.08008835571465647], [0.6107018830803843, 0.7502931265180559, -0.2531865602709454], [-0.22348605079815276, -0.1434279056584035, -0.9640966865294629]], "fy": 10129.366668731178, "fx": 10129.366668731178}, {"id": 28, "img_name": "FPWW036_SR0461_FIP2_cam_05", "width": 3912, "height": 2960, "position": [0.09758064954534616, 0.120951413554166, 3.3446787504234217], "rotation": [[-0.7688388543014519, 0.638729894784975, -0.03018174323006089], [0.63934314351956, 0.7686948941777303, -0.01866827521801284], [0.01127656645251279, -0.03364938592400851, -0.9993700805387257]], "fy": 10129.366668731178, "fx": 10129.366668731178}, {"id": 29, "img_name": "FPWW036_SR0461_FIP2_cam_06", "width": 3912, "height": 2960, "position": [-0.4252612001259437, 0.5576360933603166, 3.285039541172114], "rotation": [[-0.7603191754979421, 0.6367065003599134, 0.12852853290051916], [0.6178845562000079, 0.7699815093312392, -0.15920788453310297], [-0.2003332887456488, -0.04163301199070511, -0.9788428197279342]], "fy": 10129.366668731178, "fx": 10129.366668731178}, {"id": 30, "img_name": "FPWW036_SR0461_FIP2_cam_07", "width": 3912, "height": 2960, "position": [-0.13410718435108984, -0.1575619165861425, 3.3293908993563206], "rotation": [[-0.7740601956047892, 0.6311184633583858, 0.05020257750778709], [0.6330795486892781, 0.7707803428938385, 0.07146991003098241], [0.00641081988950907, 0.08710423765010727, -0.9961785749411288]], "fy": 10129.366668731178, "fx": 10129.366668731178}, {"id": 31, "img_name": "FPWW036_SR0461_FIP2_cam_08", "width": 3912, "height": 2960, "position": [-0.6558515556769909, 0.27834067272038154, 3.272952080741195], "rotation": [[-0.7253083742568145, 0.6579422400512153, 0.20258275096692221], [0.6588660940145118, 0.7487324284971165, -0.07276826694975325], [-0.19955759166465575, 0.08069547244547921, -0.9765577342563028]], "fy": 10129.366668731178, "fx": 10129.366668731178}, {"id": 32, "img_name": "FPWW036_SR0461_FIP2_cam_09", "width": 3912, "height": 2960, "position": [-0.34622270084026685, -0.41802134264091323, 3.285252248201503], "rotation": [[-0.7741428677276876, 0.620529782369007, 0.1250824109914126], [0.6329897237620329, 0.7604705179472798, 0.14494344050236102], [-0.005179764281988873, 0.19138281146975852, -0.9815018031139389]], "fy": 10129.366668731178, "fx": 10129.366668731178}, {"id": 33, "img_name": "FPWW036_SR0461_FIP2_cam_10", "width": 3912, "height": 2960, "position": [-0.8650060586404738, 0.020074743709758643, 3.218095878115899], "rotation": [[-0.7361486014032037, 0.614023200885476, 0.2847116882505186], [0.6426955789298188, 0.7660612046002881, 0.009624117124215998], [-0.21219714766266612, 0.19006772366898544, -0.9585648809251869]], "fy": 10129.366668731178, "fx": 10129.366668731178}, {"id": 34, "img_name": "FPWW036_SR0461_FIP2_cam_11", "width": 3912, "height": 2960, "position": [0.04495448350307278, 0.5384635611293523, 2.984451003844995], "rotation": [[-0.7614914092344406, 0.6477817178978514, -0.02257608512240775], [0.6421627122481165, 0.7492372820260054, -0.16208191207049266], [-0.08807885478529173, -0.1379215036881218, -0.9865190186509932]], "fy": 10129.366668731178, "fx": 10129.366668731178}, {"id": 35, "img_name": "FPWW036_SR0461_FIP2_cam_12", "width": 3912, "height": 2960, "position": [-0.3357035097489056, 0.08810223465954709, 3.0026898736964336], "rotation": [[-0.7661386796106183, 0.6314619118653196, 0.11952981832117897], [0.6355967471461608, 0.7720080844871352, -0.004504720160446093], [-0.09512254528616217, 0.0725215233561734, -0.9928203916259889]], "fy": 10129.366668731178, "fx": 10129.366668731178}]